103.54
76.73
92.329
92.485
100.673
102.419
107.332
85.773
83.443
75.598
81.334
91.081
95.67
93.15
99.462
74.323
84.787
112.655
53.136
80.189
64.507
146.612
81.139
68.099
72.906
82.555
90.383
102.582
88.483
75.443
68.257
72.026
72.894
85.706
81.441
77.377
61.202
54.733
66.61
62.785
82.002
77.063
73.978
57.018
65.984
60.332
70.347
76.839
72.951
64.157
62.139
57.594
57.13
56.558
65.912
76.546
70.383
59.84
63.703
62.066
59.513
63.867
76.066
67.138
67.377
56.864
56.389
62.278
69.132
77.459
77.159
59.042